tabla1 <- matrix(c(100,  90,  20,  45,
                    85,  80,  10,  20,
                     5,  70,  90,  60,
                    10,  10,  40,  65,
                     5,  10,  85, 120),
                 nrow = 5,
                 ncol = 4,
                 byrow = TRUE,
                 dimnames = list(c("a1","a2","a3", "a4", "a5"), c("w1","w2","w3", "w4")))
alternativas1_latex <- c("$a_1$", "$a_2$", "$a_3$", "$a_4$", "$a_5$")

tabla2 <- matrix(c(1000,  4000, 6500,
                   1400,  3500, 4500,
                   1500,  5700, 9500,
                   2000,  5000, 9000),
                 nrow = 4,
                 ncol = 3,
                 byrow = TRUE,
                 dimnames = list(c("m치quina 1","m치quina 2","m치quina 3", "m치quina 4"), c("bajo","medio","alto")))